{
  "generated_by": {
    "program": "augur",
    "version": "9.0.0"
  },
  "models": {
    "country": {
      "alphabet": [
        "Australia",
        "Austria",
        "Bahrain",
        "Belgium",
        "Brazil",
        "Canada",
        "China",
        "Colombia",
        "Cuba",
        "Democratic Republic of the Congo",
        "Denmark",
        "Finland",
        "France",
        "Germany",
        "Greece",
        "Hungary",
        "Iceland",
        "India",
        "Ireland",
        "Israel",
        "Italy",
        "Japan",
        "Jordan",
        "Kazakhstan",
        "Luxembourg",
        "Netherlands",
        "Norway",
        "Panama",
        "Peru",
        "Portugal",
        "Romania",
        "Russia",
        "Singapore",
        "Spain",
        "Sweden",
        "Switzerland",
        "Taiwan",
        "Thailand",
        "Turkey",
        "USA",
        "United Kingdom",
        "?"
      ],
      "equilibrium_probabilities": [
        0.01683822030188606,
        0.02706860606903047,
        0.0285303494969938,
        0.020733814813522662,
        0.02778739919948059,
        0.016495942042544048,
        0.022274487780515904,
        0.028541007437590644,
        0.031198385672143638,
        0.031311429175320045,
        0.02183551962408202,
        0.025197902451322675,
        0.018230605962158915,
        0.028962153372542005,
        0.02515593581508512,
        0.028540969817563776,
        0.01953011215171713,
        0.014678179835092866,
        0.025169019730767274,
        0.02931535745264903,
        0.02140836557297369,
        0.03358076409637084,
        0.030415818258337994,
        0.03377903592595119,
        0.02627034945479212,
        0.01681802363438739,
        0.02421289251492902,
        0.03377903592595119,
        0.031019659099752805,
        0.015479824451937262,
        0.025182546716027824,
        0.029414672403855317,
        0.032620452594921294,
        0.013441588756584511,
        0.01717055302738707,
        0.017141253903296995,
        0.031267604344976954,
        0.03358023482978573,
        0.026120683827729887,
        0.007305950784456377,
        0.012595291673585874
      ],
      "rate": 136.71965580986173,
      "transition_matrix": [
        [
          0.0,
          1.2465356076425789,
          0.9780065096622096,
          0.9792569077169819,
          0.9787290435777298,
          0.9794546390588919,
          0.9799370831359723,
          0.9779817104203403,
          0.977857337146608,
          0.9786636655816215,
          0.978488438385796,
          0.9781733282448518,
          1.1872833070566833,
          0.9780330471357148,
          0.9781582291740886,
          0.9779817112537754,
          0.980071670699111,
          0.9795001389611736,
          0.9781396967633361,
          0.9778928306878002,
          0.9784909085612344,
          0.9777966470197382,
          0.9787291993955634,
          0.9777872201390851,
          0.9791343185625617,
          0.979590260127585,
          0.9781864458284354,
          0.9777872201390851,
          0.9782577973530028,
          0.9795454898600896,
          0.9781180187075911,
          0.9782287974814776,
          0.9786302773432342,
          0.9800472596720985,
          0.9788123086443258,
          0.9795313102571144,
          0.9787185442261896,
          0.9777880231227184,
          0.9786502064914738,
          3.3436573600515573,
          3.811915428432209
        ],
        [
          1.2465356076425789,
          0.0,
          0.9789101772768093,
          0.9799003686094917,
          0.9792731108011232,
          0.9798829820395462,
          1.4717533990106895,
          0.9789014179125012,
          0.9788237032296024,
          0.9795053368921925,
          0.9793339577497514,
          0.9789971201301128,
          0.9801173624079421,
          0.9789466747360235,
          0.9789874978379637,
          0.9789014179669651,
          0.979549310269707,
          0.9802571853131365,
          0.9789810797075547,
          0.9788427924889181,
          0.9792083130320276,
          0.978842428999925,
          0.979478681843273,
          0.9788997223704585,
          0.9795886019399335,
          1.2322077204170847,
          0.979001854969982,
          0.9788997223704585,
          0.9791271046626959,
          0.980039997875263,
          0.9789801948334425,
          0.9790929462201947,
          0.9798529458729095,
          1.2744437722044002,
          0.980431278960342,
          0.9797542640454016,
          0.9795117784986024,
          0.9788213739149291,
          0.979434152081036,
          1.0614362307678415,
          1.7441177992478185
        ],
        [
          0.9780065096622096,
          0.9789101772768093,
          0.0,
          0.9788212990840717,
          0.9785879668197232,
          0.9788747526139617,
          0.9787155524936683,
          0.9782922340213808,
          0.9782923691446046,
          0.9789069253685663,
          0.9784388918416534,
          0.9783107018753564,
          0.9788958321125529,
          0.9783075614170504,
          0.9782994993051581,
          0.9782922340276557,
          0.9785502382876462,
          0.9790208615323323,
          0.9782945193452592,
          0.9782832073819814,
          0.9784198096119728,
          0.9783027188136645,
          0.9788359370869648,
          0.9782896811190311,
          0.9788958071125617,
          0.9785951616994325,
          0.9782997073539196,
          0.9782896811190311,
          0.9785399605999755,
          0.978871281246126,
          0.9782893891902846,
          0.9784825301794272,
          0.979094145477558,
          0.9785490127064649,
          0.9783229844106269,
          0.9787581017974332,
          0.9788326128162165,
          0.9782882314270324,
          0.978732680638668,
          0.9760702002075654,
          1.4630406168823136
        ],
        [
          0.9792569077169819,
          0.9799003686094917,
          0.9788212990840717,
          0.0,
          0.9793442748772646,
          1.2290361838881734,
          0.9796702445490167,
          0.9787853186454667,
          0.9788735440521902,
          1.0219095947596675,
          0.9815847767606063,
          0.9788197672723655,
          1.3082113128101063,
          0.9788273511895711,
          0.9788017500832381,
          0.978785318833521,
          0.9792058404222668,
          0.9797178837463713,
          0.9787886550672902,
          0.9789067314147075,
          0.9790004022515699,
          0.9788144592571353,
          0.9795531882933928,
          0.9788294133779956,
          0.9977371007767866,
          1.4621475937904918,
          0.978875219943827,
          0.9788294133779956,
          0.9791651293984602,
          0.9797352037886417,
          0.9787808350719344,
          0.9791338535127144,
          0.9798057997309737,
          1.0150564048022304,
          0.9790815854122966,
          1.6771929551442493,
          0.9796735014991254,
          0.9788037917012837,
          0.9794570580337649,
          1.870073194203497,
          2.939418256787269
        ],
        [
          0.9787290435777298,
          0.9792731108011232,
          0.9785879668197232,
          0.9793442748772646,
          0.0,
          0.9796022097684635,
          0.9790690398842962,
          0.9785802304976852,
          0.9785385801465604,
          0.9791588931622498,
          0.9790325298732573,
          0.9786455712545296,
          0.9795417059618854,
          0.9786017714081565,
          0.9786358152834426,
          0.9785802305246637,
          0.9790016884546661,
          0.9801000159032497,
          0.9786301565745228,
          0.9785535313297757,
          0.9788265973223444,
          0.9785335894667514,
          0.9794507076450094,
          0.9785232825710257,
          0.9792588407364193,
          0.9791674853625996,
          0.9786652897372334,
          0.9785232825710257,
          0.9789529135133745,
          1.250286972146135,
          0.9786246307339612,
          0.978775263800731,
          0.9793296113026576,
          0.9793124627758807,
          0.9788846947534039,
          0.9791834901802927,
          0.9794538491935229,
          0.9785198468681781,
          0.9790648402852766,
          1.221338844089722,
          1.5017314305182015
        ],
        [
          0.9794546390588919,
          0.9798829820395462,
          0.9788747526139617,
          1.2290361838881734,
          0.9796022097684635,
          0.0,
          0.979852377854516,
          0.9788517649930011,
          0.9788606002679663,
          0.9796015877677355,
          0.9793232509532699,
          0.9789620525154451,
          0.9802284364210324,
          0.9789151404620113,
          0.9789349016279906,
          0.9788517278951409,
          0.9795053017415403,
          1.2388451819175823,
          0.9789178416154696,
          0.9788867442828678,
          0.9792992107928711,
          0.9788071766319046,
          0.9796304501621392,
          0.9788019000273055,
          0.9799595682256826,
          0.9798513621362185,
          0.9789814067598864,
          0.9788019000273055,
          0.9792072232538878,
          0.9800861769021266,
          0.978900546023205,
          0.9792988692743946,
          1.3359788141765148,
          0.9839640173926772,
          0.9794284146290159,
          0.9798208936234426,
          0.9796467890999984,
          0.978794336551963,
          1.1395888633845608,
          3.343535429728916,
          3.987039787778953
        ],
        [
          0.9799370831359723,
          1.4717533990106895,
          0.9787155524936683,
          0.9796702445490167,
          0.9790690398842962,
          0.979852377854516,
          0.0,
          0.9787064262044493,
          0.9786158566078308,
          0.9793309706498008,
          0.9790392025969169,
          0.9787999711977068,
          1.4696008303776222,
          1.465676482779411,
          0.9787824849256088,
          0.978706427618897,
          1.2326219098940658,
          1.2915372262586127,
          0.978775708064881,
          0.9786030829683915,
          0.9790990383500772,
          1.466639832482803,
          0.9795044193639536,
          0.9790892175217424,
          0.979420182958941,
          1.7541237445690763,
          0.9787776256465609,
          0.9790892175217424,
          0.9789322174347461,
          0.9796620799601723,
          0.9787689594327506,
          0.9790300070758838,
          1.2951925512752227,
          1.467910989603923,
          0.9791710846745075,
          0.9796274341153949,
          1.4664446635654098,
          1.4679366546763657,
          0.979312438649205,
          1.4729190393672005,
          2.086923356286785
        ],
        [
          0.9779817104203403,
          0.9789014179125012,
          0.9782922340213808,
          0.9787853186454667,
          0.9785802304976852,
          0.9788517649930011,
          0.9787064262044493,
          0.0,
          0.9782887357207436,
          0.9789017016104989,
          0.9784285524921958,
          0.9783005909560245,
          0.97886672531329,
          0.9783006276280578,
          0.9782891992482775,
          0.9782853943768998,
          0.9785300169962197,
          0.9789767970112548,
          0.9782842196935291,
          0.9782792931711533,
          0.9784048089539736,
          0.9782988406496215,
          0.9788301007117085,
          0.9782857624907286,
          0.9788889602777351,
          0.9785655774320712,
          0.9782897640730857,
          0.9782857624907286,
          0.9785350734975442,
          0.9788389074714713,
          0.9782792458798044,
          0.9784772840164305,
          0.9790890605602037,
          0.9785035121265915,
          0.9782980595720862,
          0.9786378685777926,
          0.9788264955816959,
          0.97828435131252,
          0.9787232624832508,
          0.9759135354828097,
          1.4619747647042245
        ],
        [
          0.977857337146608,
          0.9788237032296024,
          0.9782923691446046,
          0.9788735440521902,
          0.9785385801465604,
          0.9788606002679663,
          0.9786158566078308,
          0.9782887357207436,
          0.0,
          0.9788301885013773,
          0.9784024638444255,
          0.978295961437319,
          0.9788175732032286,
          0.978301686845489,
          0.9782873872423581,
          0.978288735731981,
          0.9784755669463047,
          0.9789014195810509,
          0.9782847973017932,
          0.9782886588058686,
          0.9783722336583881,
          0.9783032021730611,
          0.9787000265230141,
          0.9782885648947663,
          0.9788415382444263,
          0.9784382619760524,
          0.9782880081549186,
          0.9782885648947663,
          0.9784962017442842,
          0.9787108118781459,
          0.9782823967469132,
          0.9784362361437363,
          0.9790515079157631,
          0.9785092758320225,
          0.9783014079185991,
          0.9785536004617709,
          0.978696118909573,
          0.9782874557162492,
          0.9786540841562944,
          1.4597285811986351,
          0.979296846408319
        ],
        [
          0.9786636655816215,
          0.9795053368921925,
          0.9789069253685663,
          1.0219095947596675,
          0.9791588931622498,
          0.9796015877677355,
          0.9793309706498008,
          0.9789017016104989,
          0.9788301885013773,
          0.0,
          0.9790260886967775,
          0.978949204253782,
          1.0559149297090218,
          0.9789227818836198,
          0.978939532334078,
          0.9789017020605971,
          0.9792293060572889,
          0.9798240090028403,
          0.978935776283671,
          0.9788041775629145,
          0.9790858925655723,
          0.9788801475959178,
          0.9793840749034797,
          0.9788706139915487,
          1.0881866024822229,
          0.9795858380667478,
          0.9789150483712034,
          0.9788706139915487,
          0.9791058205482726,
          0.9795906762717211,
          0.978928927736093,
          0.9790305000951243,
          0.9797065495942573,
          0.9793352693509108,
          0.9790208823747139,
          1.1780030303786961,
          0.9795589592599622,
          0.9788642745265878,
          0.9793483815183389,
          0.978399017481728,
          1.1798915045003304
        ],
        [
          0.978488438385796,
          0.9793339577497514,
          0.9784388918416534,
          0.9815847767606063,
          0.9790325298732573,
          0.9793232509532699,
          0.9790392025969169,
          0.9784285524921958,
          0.9784024638444255,
          0.9790260886967775,
          0.0,
          0.9784836345164718,
          0.9792723674311172,
          0.9784592605854471,
          0.9784720997077733,
          0.9784285525507953,
          0.9789536145119067,
          0.979293756637258,
          0.9784644911449297,
          0.9783949002152239,
          0.978636329836806,
          0.9783985823723896,
          0.9790148081427649,
          0.9783897588044739,
          0.9791895535957534,
          1.4500785035404387,
          0.9784778180281497,
          0.9783897588044739,
          0.9788391890257627,
          1.2119275664442382,
          0.9784554375090264,
          0.9786307442214249,
          0.9791453578326714,
          0.9791923119370717,
          0.9787211235681162,
          0.9789841035335954,
          0.9790161774514524,
          0.9783873421984066,
          0.978901320838946,
          2.479494831086594,
          2.255723534343566
        ],
        [
          0.9781733282448518,
          0.9789971201301128,
          0.9783107018753564,
          0.9788197672723655,
          0.9786455712545296,
          0.9789620525154451,
          0.9787999711977068,
          0.9783005909560245,
          0.978295961437319,
          0.978949204253782,
          0.9784836345164718,
          0.0,
          0.9789762835017046,
          0.9783199730827091,
          0.9783181149710161,
          0.9783005909723529,
          0.9786195674283078,
          0.9879635788565155,
          0.9783106870421296,
          0.9782879187985122,
          0.978476249369972,
          0.9783048782970436,
          0.9789265493808398,
          0.9782933884453767,
          0.978955488115994,
          0.978726548979264,
          0.9783202969455177,
          0.9782933884453767,
          0.9785777753470711,
          0.9790063382691655,
          0.9783029015710124,
          0.9792164794572145,
          0.9791213608454492,
          0.9786481888528402,
          0.9783757779166887,
          0.9787540749394202,
          0.9789239909119615,
          0.978291711098336,
          0.9787841988542757,
          0.9766036321085995,
          1.9477383758698255
        ],
        [
          1.1872833070566833,
          0.9801173624079421,
          0.9788958321125529,
          1.3082113128101063,
          0.9795417059618854,
          0.9802284364210324,
          1.4696008303776222,
          0.97886672531329,
          0.9788175732032286,
          1.0559149297090218,
          0.9792723674311172,
          0.9789762835017046,
          0.0,
          0.9789341047842799,
          0.9789568873781045,
          0.9788667256102166,
          0.9819046752221587,
          0.980220218576113,
          0.9789358574295735,
          0.9788131923952242,
          0.9792227454767674,
          0.9788278445678029,
          0.9797554174922072,
          0.9788177102891253,
          1.0540931515239944,
          0.9847072901458681,
          0.9789746530798079,
          0.9788177102891253,
          0.9792431404422115,
          0.9801881096282684,
          0.9789133455099286,
          0.9791761602403262,
          0.979820580942286,
          0.9803148110887429,
          0.9793517066986519,
          3.0636488438144265,
          0.9803184578089287,
          0.97881346210583,
          0.9795298583697508,
          2.344414624436107,
          3.882963351562486
        ],
        [
          0.9780330471357148,
          0.9789466747360235,
          0.9783075614170504,
          0.9788273511895711,
          0.9786017714081565,
          0.9789151404620113,
          1.465676482779411,
          0.9783006276280578,
          0.978301686845489,
          0.9789227818836198,
          0.9784592605854471,
          0.9783199730827091,
          0.9789341047842799,
          0.0,
          0.9783084659963688,
          0.9783006276466402,
          0.9786838774635231,
          0.9801278868590264,
          0.9783034162674724,
          0.9782937964169254,
          0.9784332862722792,
          0.9806192140008615,
          0.9788541340875795,
          0.9782981472822158,
          0.978916000133139,
          0.978704214301349,
          0.9783113277310728,
          0.9782981472822158,
          0.9785518820778062,
          0.9788948395829355,
          0.9782983808971801,
          0.9784962928252664,
          0.9802179620178318,
          0.9785832888690622,
          0.9783411724043043,
          0.9786843984053165,
          0.9860567598415069,
          0.9783047344679355,
          0.9787482877530721,
          0.9875729189588468,
          1.452728497237093
        ],
        [
          0.9781582291740886,
          0.9789874978379637,
          0.9782994993051581,
          0.9788017500832381,
          0.9786358152834426,
          0.9789349016279906,
          0.9787824849256088,
          0.9782891992482775,
          0.9782873872423581,
          0.978939532334078,
          0.9784720997077733,
          0.9783181149710161,
          0.9789568873781045,
          0.9783084659963688,
          0.0,
          0.9782891992652532,
          0.9786037553026674,
          0.9790802194629972,
          0.9782974173870812,
          0.978279294925766,
          0.9784495941340172,
          0.978295351351456,
          0.9789194851445772,
          0.9782841311394616,
          0.9789463938164311,
          0.9787077811994161,
          0.9783077247715761,
          0.9782841311394616,
          0.9785692359134426,
          0.9789886101575547,
          0.9782896163152363,
          0.9785112682045094,
          0.9790897571876018,
          0.9786248486750582,
          0.9783580797005699,
          0.9787364718632637,
          0.9789164296747135,
          0.9782825208207591,
          0.9787732692601745,
          0.9765326029910368,
          1.953756583463177
        ],
        [
          0.9779817112537754,
          0.9789014179669651,
          0.9782922340276557,
          0.978785318833521,
          0.9785802305246637,
          0.9788517278951409,
          0.978706427618897,
          0.9782853943768998,
          0.978288735731981,
          0.9789017020605971,
          0.9784285525507953,
          0.9783005909723529,
          0.9788667256102166,
          0.9783006276466402,
          0.9782891992652532,
          0.0,
          0.9785300170389122,
          0.9789767970298272,
          0.9782842197103524,
          0.9782792931912303,
          0.9784048089923484,
          0.9782988406528337,
          0.9788301007322769,
          0.9782857625020666,
          0.978888960383485,
          0.9785655783836016,
          0.9782897641038428,
          0.9782857625020666,
          0.9785350735123924,
          0.9788389075243629,
          0.9782792458962798,
          0.9784772840406792,
          0.979089060633282,
          0.9785035121633058,
          0.9782980596512596,
          0.9786378695355045,
          0.9788264956206529,
          0.9782843513235202,
          0.978723262361432,
          0.9759061502866647,
          1.4619821877845909
        ],
        [
          0.980071670699111,
          0.979549310269707,
          0.9785502382876462,
          0.9792058404222668,
          0.9790016884546661,
          0.9795053017415403,
          1.2326219098940658,
          0.9785300169962197,
          0.9784755669463047,
          0.9792293060572889,
          0.9789536145119067,
          0.9786195674283078,
          0.9819046752221587,
          0.9786838774635231,
          0.9786037553026674,
          0.9785300170389122,
          0.0,
          0.9798364436831433,
          0.9785887643431449,
          0.9784785007649414,
          0.9788312620192069,
          0.9785787154596453,
          0.9793069963311788,
          0.9784753895680344,
          0.9793150585552135,
          0.9797210081138327,
          0.9786165422016073,
          0.9784753895680344,
          0.9788441937075335,
          0.9796222166577101,
          0.9785975502711166,
          0.9787943967634094,
          0.9794666925426452,
          0.9794471975083884,
          0.9789285935027264,
          0.9792753358009013,
          0.979426489269005,
          0.9785652865245353,
          0.9791258237254402,
          1.066990196763539,
          3.233022937774641
        ],
        [
          0.9795001389611736,
          0.9802571853131365,
          0.9790208615323323,
          0.9797178837463713,
          0.9801000159032497,
          1.2388451819175823,
          1.2915372262586127,
          0.9789767970112548,
          0.9789014195810509,
          0.9798240090028403,
          0.979293756637258,
          0.9879635788565155,
          0.980220218576113,
          0.9801278868590264,
          0.9790802194629972,
          0.9789767970298272,
          0.9798364436831433,
          0.0,
          0.9790474847125024,
          0.9788754754554104,
          1.1984750472982908,
          0.9827095903645031,
          0.9800271370491784,
          0.9789465381230442,
          0.9798713080628697,
          0.9803153457595759,
          0.9790700618437358,
          0.9789465381230442,
          0.9793850012185454,
          0.9803703990281765,
          0.979009288859055,
          1.273487863263311,
          1.303972041291469,
          0.9798918851175517,
          0.9792842537319913,
          0.9798641370816574,
          0.9811394070110313,
          0.979138196401439,
          0.9800853279031067,
          0.9927416488086975,
          5.681937317887419
        ],
        [
          0.9781396967633361,
          0.9789810797075547,
          0.9782945193452592,
          0.9787886550672902,
          0.9786301565745228,
          0.9789178416154696,
          0.978775708064881,
          0.9782842196935291,
          0.9782847973017932,
          0.978935776283671,
          0.9784644911449297,
          0.9783106870421296,
          0.9789358574295735,
          0.9783034162674724,
          0.9782974173870812,
          0.9782842197103524,
          0.9785887643431449,
          0.9790474847125024,
          0.0,
          0.9782764879408395,
          0.9784385118987177,
          0.9782925885440824,
          0.978915254768575,
          0.9782813383621665,
          0.9789414089171846,
          0.9786860446726701,
          0.9783004150390917,
          0.9782813383621665,
          0.9785657183674202,
          0.9789645745331812,
          0.9782821639004368,
          0.9785074724870958,
          0.9790860853677507,
          0.9785910787324955,
          0.9783391748437709,
          0.9787185201719941,
          0.9789120647074889,
          0.9782797554154126,
          0.9787663776191291,
          0.9764111915575984,
          1.9519612916174043
        ],
        [
          0.9778928306878002,
          0.9788427924889181,
          0.9782832073819814,
          0.9789067314147075,
          0.9785535313297757,
          0.9788867442828678,
          0.9786030829683915,
          0.9782792931711533,
          0.9782886588058686,
          0.9788041775629145,
          0.9783949002152239,
          0.9782879187985122,
          0.9788131923952242,
          0.9782937964169254,
          0.978279294925766,
          0.9782792931912303,
          0.9784785007649414,
          0.9788754754554104,
          0.9782764879408395,
          0.0,
          0.9783651658489131,
          0.9782919366204347,
          0.9786920385473671,
          0.9782782190800565,
          0.9788503804202119,
          0.978438883372789,
          0.9782791207661274,
          0.9782782190800565,
          0.978493178452606,
          0.9787170872902349,
          0.9782737682846687,
          0.9784283979428154,
          0.9790092043929082,
          0.9785542649076064,
          0.9783156860101765,
          0.97854413533885,
          0.9786880244489089,
          0.9782772064963539,
          0.9786395436570067,
          1.9036272932212457,
          1.0236839590441837
        ],
        [
          0.9784909085612344,
          0.9792083130320276,
          0.9784198096119728,
          0.9790004022515699,
          0.9788265973223444,
          0.9792992107928711,
          0.9790990383500772,
          0.9784048089539736,
          0.9783722336583881,
          0.9790858925655723,
          0.978636329836806,
          0.978476249369972,
          0.9792227454767674,
          0.9784332862722792,
          0.9784495941340172,
          0.9784048089923484,
          0.9788312620192069,
          1.1984750472982908,
          0.9784385118987177,
          0.9783651658489131,
          0.0,
          0.978384780324072,
          0.9791162821829748,
          0.9783742942721814,
          0.9791298759404194,
          0.9790226968726766,
          0.9784502328484502,
          0.9783742942721814,
          0.978704008634862,
          0.979304207610577,
          0.9784258803849729,
          0.9787643554648561,
          0.979322760769944,
          0.9789255232220881,
          0.9785818842714414,
          0.9789993344860939,
          0.9791179068016055,
          0.9783717352060436,
          0.9789445835664093,
          1.0021069252491985,
          2.7528012235076753
        ],
        [
          0.9777966470197382,
          0.978842428999925,
          0.9783027188136645,
          0.9788144592571353,
          0.9785335894667514,
          0.9788071766319046,
          1.466639832482803,
          0.9782988406496215,
          0.9783032021730611,
          0.9788801475959178,
          0.9783985823723896,
          0.9783048782970436,
          0.9788278445678029,
          0.9806192140008615,
          0.978295351351456,
          0.9782988406528337,
          0.9785787154596453,
          0.9827095903645031,
          0.9782925885440824,
          0.9782919366204347,
          0.978384780324072,
          0.0,
          0.9787425821407092,
          0.978302034754362,
          0.9788437764448162,
          0.978521254292395,
          0.9782924519937088,
          0.978302034754362,
          0.9785099949688322,
          0.9787216116982259,
          0.9782898098195465,
          0.9784552636200843,
          0.9829298886683487,
          0.9784500847972744,
          0.9782733008860619,
          0.978568929358977,
          0.9810411314367871,
          0.978309550584922,
          0.9786910683920388,
          0.9753633482567164,
          0.9743148670365787
        ],
        [
          0.9787291993955634,
          0.979478681843273,
          0.9788359370869648,
          0.9795531882933928,
          0.9794507076450094,
          0.9796304501621392,
          0.9795044193639536,
          0.9788301007117085,
          0.9787000265230141,
          0.9793840749034797,
          0.9790148081427649,
          0.9789265493808398,
          0.9797554174922072,
          0.9788541340875795,
          0.9789194851445772,
          0.9788301007322769,
          0.9793069963311788,
          0.9800271370491784,
          0.978915254768575,
          0.9786920385473671,
          0.9791162821829748,
          0.9787425821407092,
          0.0,
          0.9787302722780886,
          0.9793920215955746,
          0.9794427010378346,
          0.9788957387807484,
          0.9787302722780886,
          0.9790018909206134,
          0.9810140443536841,
          0.9789052402899913,
          0.9789457654998333,
          0.9795931590249898,
          0.9794889356791008,
          0.9791126313676441,
          0.9798177262843677,
          1.3140306533547237,
          0.9787253524532956,
          0.9793273804985058,
          0.9772202158351283,
          1.2749863057857493
        ],
        [
          0.9777872201390851,
          0.9788997223704585,
          0.9782896811190311,
          0.9788294133779956,
          0.9785232825710257,
          0.9788019000273055,
          0.9790892175217424,
          0.9782857624907286,
          0.9782885648947663,
          0.9788706139915487,
          0.9783897588044739,
          0.9782933884453767,
          0.9788177102891253,
          0.9782981472822158,
          0.9782841311394616,
          0.9782857625020666,
          0.9784753895680344,
          0.9789465381230442,
          0.9782813383621665,
          0.9782782190800565,
          0.9783742942721814,
          0.978302034754362,
          0.9787302722780886,
          0.0,
          0.9788361650384998,
          0.9784779708223824,
          0.9782816664935549,
          0.9791533374028156,
          0.9784972949810348,
          0.978723993824019,
          0.9782785868439428,
          0.9784399752837145,
          0.9791112270380458,
          1.4622308365511376,
          0.9782665236577966,
          0.9785636763129728,
          0.9787264778025874,
          0.9782850124101123,
          0.9786804937249756,
          0.9754292180658513,
          0.9795817309774147
        ],
        [
          0.9791343185625617,
          0.9795886019399335,
          0.9788958071125617,
          0.9977371007767866,
          0.9792588407364193,
          0.9799595682256826,
          0.979420182958941,
          0.9788889602777351,
          0.9788415382444263,
          1.0881866024822229,
          0.9791895535957534,
          0.978955488115994,
          1.0540931515239944,
          0.978916000133139,
          0.9789463938164311,
          0.978888960383485,
          0.9793150585552135,
          0.9798713080628697,
          0.9789414089171846,
          0.9788503804202119,
          0.9791298759404194,
          0.9788437764448162,
          0.9793920215955746,
          0.9788361650384998,
          0.0,
          0.9796696550298979,
          0.9789661792209569,
          0.9788361650384998,
          0.979111587116056,
          0.9797493267274341,
          0.9789350783121834,
          0.9790646661348045,
          0.9796124811393377,
          0.9796445586648401,
          0.9792132371977682,
          1.0684421439868468,
          0.9795218245622239,
          0.9788305570056086,
          0.9793469027970941,
          1.802089132387107,
          1.4944143311081781
        ],
        [
          0.979590260127585,
          1.2322077204170847,
          0.9785951616994325,
          1.4621475937904918,
          0.9791674853625996,
          0.9798513621362185,
          1.7541237445690763,
          0.9785655774320712,
          0.9784382619760524,
          0.9795858380667478,
          1.4500785035404387,
          0.978726548979264,
          0.9847072901458681,
          0.978704214301349,
          0.9787077811994161,
          0.9785655783836016,
          0.9797210081138327,
          0.9803153457595759,
          0.9786860446726701,
          0.978438883372789,
          0.9790226968726766,
          0.978521254292395,
          0.9794427010378346,
          0.9784779708223824,
          0.9796696550298979,
          0.0,
          0.9831490420648739,
          0.9784779708223824,
          0.9788983660102367,
          0.9802186612026212,
          0.9786885089518947,
          0.9788336743873044,
          0.9795924253421736,
          1.3016512328673286,
          1.4582891248675653,
          1.468835615902684,
          0.9795435350268483,
          0.9785030831620997,
          0.979268770350992,
          1.429575858093183,
          4.550803062698103
        ],
        [
          0.9781864458284354,
          0.979001854969982,
          0.9782997073539196,
          0.978875219943827,
          0.9786652897372334,
          0.9789814067598864,
          0.9787776256465609,
          0.9782897640730857,
          0.9782880081549186,
          0.9789150483712034,
          0.9784778180281497,
          0.9783202969455177,
          0.9789746530798079,
          0.9783113277310728,
          0.9783077247715761,
          0.9782897641038428,
          0.9786165422016073,
          0.9790700618437358,
          0.9783004150390917,
          0.9782791207661274,
          0.9784502328484502,
          0.9782924519937088,
          0.9788957387807484,
          0.9782816664935549,
          0.9789661792209569,
          0.9831490420648739,
          0.0,
          0.9782816664935549,
          0.978566310094252,
          0.9789925085440278,
          0.9782929365613052,
          0.9785039550046706,
          0.9790584034818923,
          0.9787105159514138,
          0.9784079285183389,
          0.9787401921742951,
          0.9788927924282211,
          0.9782801317624785,
          0.9787582370774378,
          1.4653890253422144,
          1.9514020694629788
        ],
        [
          0.9777872201390851,
          0.9788997223704585,
          0.9782896811190311,
          0.9788294133779956,
          0.9785232825710257,
          0.9788019000273055,
          0.9790892175217424,
          0.9782857624907286,
          0.9782885648947663,
          0.9788706139915487,
          0.9783897588044739,
          0.9782933884453767,
          0.9788177102891253,
          0.9782981472822158,
          0.9782841311394616,
          0.9782857625020666,
          0.9784753895680344,
          0.9789465381230442,
          0.9782813383621665,
          0.9782782190800565,
          0.9783742942721814,
          0.978302034754362,
          0.9787302722780886,
          0.9791533374028156,
          0.9788361650384998,
          0.9784779708223824,
          0.9782816664935549,
          0.0,
          0.9784972949810348,
          0.978723993824019,
          0.9782785868439428,
          0.9784399752837145,
          0.9791112270380458,
          1.4622308365511376,
          0.9782665236577966,
          0.9785636763129728,
          0.9787264778025874,
          0.9782850124101123,
          0.9786804937249756,
          0.9754292180658513,
          0.9795817309774147
        ],
        [
          0.9782577973530028,
          0.9791271046626959,
          0.9785399605999755,
          0.9791651293984602,
          0.9789529135133745,
          0.9792072232538878,
          0.9789322174347461,
          0.9785350734975442,
          0.9784962017442842,
          0.9791058205482726,
          0.9788391890257627,
          0.9785777753470711,
          0.9792431404422115,
          0.9785518820778062,
          0.9785692359134426,
          0.9785350735123924,
          0.9788441937075335,
          0.9793850012185454,
          0.9785657183674202,
          0.978493178452606,
          0.978704008634862,
          0.9785099949688322,
          0.9790018909206134,
          0.9784972949810348,
          0.979111587116056,
          0.9788983660102367,
          0.978566310094252,
          0.9784972949810348,
          0.0,
          1.2679389980938292,
          0.9785604574066648,
          0.9786855488855624,
          0.9793164563164377,
          0.978969031270506,
          0.9786546970194624,
          0.9789644033645326,
          0.9790048855091544,
          0.9784943064156575,
          0.9789672804538048,
          0.9915020485505587,
          1.2088252097283878
        ],
        [
          0.9795454898600896,
          0.980039997875263,
          0.978871281246126,
          0.9797352037886417,
          1.250286972146135,
          0.9800861769021266,
          0.9796620799601723,
          0.9788389074714713,
          0.9787108118781459,
          0.9795906762717211,
          1.2119275664442382,
          0.9790063382691655,
          0.9801881096282684,
          0.9788948395829355,
          0.9789886101575547,
          0.9788389075243629,
          0.9796222166577101,
          0.9803703990281765,
          0.9789645745331812,
          0.9787170872902349,
          0.979304207610577,
          0.9787216116982259,
          0.9810140443536841,
          0.978723993824019,
          0.9797493267274341,
          0.9802186612026212,
          0.9789925085440278,
          0.978723993824019,
          1.2679389980938292,
          0.0,
          0.9789358585964959,
          0.9791203063489495,
          0.9796262390805566,
          0.9952802312105702,
          0.9793939966967234,
          0.9798910932827792,
          0.98102516606062,
          0.9787132031407915,
          0.9795494671531837,
          1.0693063228347846,
          5.07359976972316
        ],
        [
          0.9781180187075911,
          0.9789801948334425,
          0.9782893891902846,
          0.9787808350719344,
          0.9786246307339612,
          0.978900546023205,
          0.9787689594327506,
          0.9782792458798044,
          0.9782823967469132,
          0.978928927736093,
          0.9784554375090264,
          0.9783029015710124,
          0.9789133455099286,
          0.9782983808971801,
          0.9782896163152363,
          0.9782792458962798,
          0.9785975502711166,
          0.979009288859055,
          0.9782821639004368,
          0.9782737682846687,
          0.9784258803849729,
          0.9782898098195465,
          0.9789052402899913,
          0.9782785868439428,
          0.9789350783121834,
          0.9786885089518947,
          0.9782929365613052,
